shape_id,shape_pt_lat,shape_pt_lon,shape_pt_sequence
1,25.795181,-80.20754,1
1,25.795189,-80.207137,2
1,25.795099,-80.207068,3
1,25.792950,-80.207030,4
1,25.791660,-80.207012,5
1,25.788420,-80.206960,6
1,25.783848,-80.206820,7
1,25.783732,-80.206797,8
1,25.783510,-80.206786,9
1,25.783454,-80.206703,10
1,25.783420,-80.206602,11
1,25.783660,-80.198200,12
1,25.783640,-80.198120,13
1,25.783580,-80.198090,14
1,25.782970,-80.198050,15
1,25.781860,-80.198010,16
1,25.781790,-80.198020,17
1,25.781760,-80.198070,18
1,25.781612,-80.202911,19
1,25.781576,-80.203010,20
1,25.781480,-80.203020,21
1,25.780250,-80.202970,22
1,25.779780,-80.202967,23
1,25.779718,-80.203000,24
1,25.779672,-80.203063,25
1,25.779570,-80.206420,26
1,25.779593,-80.206498,27
1,25.779649,-80.206533,28
1,25.780500,-80.206630,29
1,25.780991,-80.206664,30
1,25.781323,-80.206687,31
1,25.781490,-80.206740,32
1,25.781613,-80.206888,33
1,25.782190,-80.207340,34
1,25.782536,-80.207693,35
1,25.782913,-80.208135,36
1,25.783740,-80.209150,37
1,25.785200,-80.210706,38
1,25.785373,-80.210832,39
1,25.785579,-80.210907,40
1,25.787608,-80.210984,41
1,25.787985,-80.210968,42
1,25.788217,-80.210946,43
1,25.788384,-80.210900,44
1,25.788580,-80.210807,45
1,25.788770,-80.210676,46
1,25.789015,-80.210447,47
1,25.789244,-80.210275,48
1,25.789512,-80.210159,49
1,25.789728,-80.210110,50
1,25.789989,-80.210093,51
1,25.792267,-80.210176,52
1,25.792637,-80.210221,53
1,25.792844,-80.210288,54
1,25.793028,-80.210395,55
1,25.793250,-80.210570,56
1,25.793427,-80.210744,57
1,25.793611,-80.210874,58
1,25.793800,-80.210970,59
1,25.794000,-80.211010,60
1,25.794554,-80.211016,61
1,25.794979,-80.211032,62
1,25.795040,-80.211010,63
1,25.795060,-80.210940,64
1,25.795130,-80.208870,65
1,25.795181,-80.20754,66
2,25.78963,-80.18766,1
2,25.789607,-80.187966,2
2,25.789609,-80.188306,3
2,25.789592,-80.188938,4
2,25.789546,-80.189107,5
2,25.789429,-80.189168,6
2,25.788385,-80.189228,7
2,25.788330,-80.189238,8
2,25.788308,-80.189301,9
2,25.788290,-80.190390,10
2,25.788400,-80.190860,11
2,25.788410,-80.191113,12
2,25.788385,-80.191924,13
2,25.788260,-80.195897,14
2,25.788148,-80.199108,15
2,25.788121,-80.199819,16
2,25.788138,-80.199891,17
2,25.788187,-80.199924,18
2,25.789720,-80.199940,19
2,25.791659,-80.199992,20
2,25.792220,-80.200070,21
2,25.793465,-80.200274,22
2,25.794510,-80.200310,23
2,25.795250,-80.200310,24
2,25.795389,-80.200337,25
2,25.795470,-80.200380,26
2,25.795480,-80.200560,27
2,25.795460,-80.201760,28
2,25.795310,-80.206810,29
2,25.795292,-80.207757,30
2,25.795050,-80.215160,31
2,25.794920,-80.220450,32
2,25.794470,-80.235700,33
2,25.794420,-80.237920,34
2,25.794350,-80.239670,35
2,25.794379,-80.239712,36
2,25.794426,-80.239736,37
2,25.794800,-80.239749,38
2,25.796035,-80.239768,39
2,25.796090,-80.239741,40
2,25.796106,-80.239659,41
2,25.796160,-80.237630,42
2,25.796224,-80.235857,43
2,25.796216,-80.235757,44
2,25.796149,-80.235722,45
2,25.795698,-80.235717,46
2,25.794561,-80.235683,47
2,25.794412,-80.235652,48
2,25.794350,-80.235537,49
2,25.794429,-80.232934,50
2,25.794473,-80.231636,51
2,25.794671,-80.224596,52
2,25.794760,-80.221560,53
2,25.794932,-80.215399,54
2,25.794944,-80.214913,55
2,25.795061,-80.211221,56
2,25.795190,-80.207200,57
2,25.795240,-80.205730,58
2,25.795222,-80.205406,59
2,25.795247,-80.204749,60
2,25.795250,-80.204110,61
2,25.795330,-80.200540,62
2,25.795320,-80.200420,63
2,25.795289,-80.200387,64
2,25.795250,-80.200380,65
2,25.793520,-80.200360,66
2,25.792211,-80.200167,67
2,25.791679,-80.200093,68
2,25.791065,-80.200064,69
2,25.788844,-80.200007,70
2,25.788188,-80.199994,71
2,25.788087,-80.199972,72
2,25.788053,-80.199886,73
2,25.788170,-80.196310,74
2,25.788250,-80.193890,75
2,25.788330,-80.191700,76
2,25.788346,-80.191087,77
2,25.788337,-80.190838,78
2,25.788218,-80.190519,79
2,25.788200,-80.189420,80
2,25.788210,-80.188880,81
2,25.788271,-80.188155,82
2,25.788297,-80.187988,83
2,25.788365,-80.187880,84
2,25.788543,-80.187805,85
2,25.789417,-80.187300,86
2,25.789484,-80.187311,87
2,25.789562,-80.187358,88
2,25.789603,-80.187462,89
2,25.78963,-80.18766,90
3,25.795186,-80.207478,1
3,25.795198,-80.207163,2
3,25.795159,-80.207098,3
3,25.795099,-80.207068,4
3,25.792433,-80.207031,5
3,25.792392,-80.207047,6
3,25.792369,-80.207100,7
3,25.792331,-80.208387,8
3,25.792332,-80.208841,9
3,25.792422,-80.209012,10
3,25.792439,-80.209094,11
3,25.792410,-80.210090,12
3,25.792380,-80.210250,13
3,25.792260,-80.210300,14
3,25.789950,-80.210227,15
3,25.789565,-80.210278,16
3,25.789440,-80.210320,17
3,25.789420,-80.210430,18
3,25.789406,-80.210990,19
3,25.789340,-80.211080,20
3,25.788677,-80.211061,21
3,25.788626,-80.211088,22
3,25.788595,-80.211184,23
3,25.788590,-80.211660,24
3,25.788641,-80.211688,25
3,25.788673,-80.211759,26
3,25.788648,-80.211838,27
3,25.788580,-80.211880,28
3,25.788560,-80.212330,29
3,25.788520,-80.212650,30
3,25.788430,-80.212690,31
3,25.787830,-80.212670,32
3,25.787760,-80.212700,33
3,25.787740,-80.212790,34
3,25.787620,-80.216360,35
3,25.787620,-80.216770,36
3,25.787540,-80.218150,37
3,25.787490,-80.218730,38
3,25.787430,-80.218910,39
3,25.787210,-80.218940,40
3,25.785950,-80.218880,41
3,25.785770,-80.218850,42
3,25.785420,-80.218760,43
3,25.785400,-80.218540,44
3,25.785410,-80.217800,45
3,25.785440,-80.216820,46
3,25.785470,-80.216270,47
3,25.785490,-80.216140,48
3,25.787530,-80.216210,49
3,25.787550,-80.216140,50
3,25.787590,-80.214880,51
3,25.787820,-80.214880,52
3,25.788012,-80.214794,53
3,25.788201,-80.214783,54
3,25.788397,-80.214800,55
3,25.788516,-80.214899,56
3,25.789570,-80.214900,57
3,25.789850,-80.214820,58
3,25.790130,-80.214930,59
3,25.793032,-80.214987,60
3,25.793125,-80.214948,61
3,25.793161,-80.214824,62
3,25.793170,-80.214420,63
3,25.793040,-80.214300,64
3,25.792640,-80.213720,65
3,25.792790,-80.213420,66
3,25.792931,-80.213378,67
3,25.793185,-80.213365,68
3,25.793210,-80.213060,69
3,25.793250,-80.212170,70
3,25.793443,-80.211675,71
3,25.793597,-80.211076,72
3,25.793660,-80.210990,73
3,25.793770,-80.210970,74
3,25.794035,-80.211015,75
3,25.795029,-80.211035,76
3,25.795068,-80.211014,77
3,25.795090,-80.210955,78
3,25.795107,-80.210208,79
3,25.795183,-80.207606,80
3,25.795186,-80.207478,81
4,25.795296,-80.207261,1
4,25.795163,-80.211106,2
4,25.795055,-80.214974,3
4,25.795011,-80.215197,4
4,25.794933,-80.215285,5
4,25.789355,-80.215164,6
4,25.787602,-80.215118,7
4,25.786562,-80.215060,8
4,25.786147,-80.215046,9
4,25.785873,-80.215021,10
4,25.785650,-80.214969,11
4,25.785207,-80.214865,12
4,25.784594,-80.214742,13
4,25.784194,-80.214676,14
4,25.783868,-80.214654,15
4,25.781273,-80.214919,16
4,25.780271,-80.214903,17
4,25.777347,-80.214790,18
4,25.773654,-80.214701,19
4,25.773570,-80.214717,20
4,25.773546,-80.214781,21
4,25.773389,-80.219592,22
4,25.773403,-80.219644,23
4,25.773473,-80.219665,24
4,25.775204,-80.219709,25
4,25.775296,-80.219642,26
4,25.775342,-80.218190,27
4,25.775382,-80.218097,28
4,25.775471,-80.218045,29
4,25.776842,-80.218062,30
4,25.778131,-80.218100,31
4,25.779985,-80.218145,32
4,25.780031,-80.218132,33
4,25.780051,-80.218087,34
4,25.780150,-80.215818,35
4,25.780197,-80.215516,36
4,25.780213,-80.215021,37
4,25.780277,-80.214869,38
4,25.780406,-80.214796,39
4,25.780990,-80.214812,40
4,25.781298,-80.214779,41
4,25.783832,-80.214510,42
4,25.784210,-80.214527,43
4,25.784589,-80.214587,44
4,25.785120,-80.214755,45
4,25.785694,-80.214904,46
4,25.785560,-80.215195,47
4,25.785535,-80.215371,48
4,25.785526,-80.216150,49
4,25.785491,-80.217333,50
4,25.785516,-80.217386,51
4,25.785557,-80.217426,52
4,25.787386,-80.217486,53
4,25.787454,-80.217457,54
4,25.787480,-80.217367,55
4,25.787543,-80.215331,56
4,25.787546,-80.214883,57
4,25.787671,-80.212015,58
4,25.787711,-80.211717,59
4,25.787735,-80.211160,60
4,25.787776,-80.211034,61
4,25.787861,-80.210966,62
4,25.788225,-80.210939,63
4,25.788482,-80.210862,64
4,25.788751,-80.210711,65
4,25.788996,-80.210462,66
4,25.789130,-80.210354,67
4,25.789422,-80.210184,68
4,25.789894,-80.210088,69
4,25.790261,-80.210093,70
4,25.792267,-80.210176,71
4,25.792334,-80.210160,72
4,25.792370,-80.210111,73
4,25.792404,-80.209096,74
4,25.792371,-80.209002,75
4,25.792310,-80.208937,76
4,25.792269,-80.208817,77
4,25.792322,-80.207042,78
4,25.792367,-80.206952,79
4,25.792433,-80.206900,80
4,25.795107,-80.206952,81
4,25.795259,-80.206992,82
4,25.795296,-80.207150,83
4,25.795296,-80.207261,84
5,25.7640900,-80.1952800,1
5,25.7638972,-80.1952673,2
5,25.7638181,-80.1953312,3
5,25.7638066,-80.1955184,4
5,25.7639190,-80.1955978,5
5,25.7651000,-80.1955900,6
5,25.7662800,-80.1956300,7
5,25.7663700,-80.1933500,8
5,25.7664400,-80.1920500,9
5,25.7662000,-80.1909400,10
5,25.7660600,-80.1904600,11
5,25.7656100,-80.1883600,12
5,25.7654800,-80.1874900,13
5,25.7655000,-80.1869300,14
5,25.7656600,-80.1862500,15
5,25.7659200,-80.1855600,16
5,25.7661400,-80.1852100,17
5,25.7662000,-80.1850800,18
5,25.7661600,-80.1850200,19
5,25.7660100,-80.1848400,20
5,25.7657100,-80.1847500,21
5,25.7653200,-80.1848000,22
5,25.7652300,-80.1848400,23
5,25.7651800,-80.1849500,24
5,25.7650700,-80.1849800,25
5,25.7649800,-80.1848400,26
5,25.7651200,-80.1846900,27
5,25.7656900,-80.1846300,28
5,25.7660000,-80.1846700,29
5,25.7662300,-80.1849000,30
5,25.7664000,-80.1850200,31
5,25.7664300,-80.1851400,32
5,25.7664000,-80.1852500,33
5,25.7662600,-80.1853300,34
5,25.7659800,-80.1857800,35
5,25.7656500,-80.1866600,36
5,25.7655900,-80.1871800,37
5,25.7655900,-80.1875300,38
5,25.7658600,-80.1889600,39
5,25.7661900,-80.1904400,40
5,25.7662000,-80.1906900,41
5,25.7660400,-80.1907800,42
5,25.7644100,-80.1912300,43
5,25.7642600,-80.1913100,44
5,25.7645500,-80.1925400,45
5,25.7644800,-80.1951200,46
5,25.7644600,-80.1952500,47
5,25.7643500,-80.1952600,48
5,25.7635700,-80.1952400,49
5,25.7633900,-80.1952100,50
5,25.7625500,-80.1951400,51
5,25.7615500,-80.1951000,52
5,25.7615646,-80.1934400,53
5,25.7616078,-80.1921284,54
5,25.7615786,-80.1920640,55
5,25.7615156,-80.1920345,56
5,25.7581603,-80.1928542,57
5,25.7579042,-80.1930796,58
5,25.7564187,-80.1951981,59
5,25.7517700,-80.2019900,60
5,25.7506100,-80.2037400,61
5,25.7505000,-80.2040500,62
5,25.7503900,-80.2044300,63
5,25.7502717,-80.2054260,64
5,25.7502065,-80.2061860,65
5,25.7501800,-80.2064800,66
5,25.7494200,-80.2075400,67
5,25.7482600,-80.2092500,68
5,25.7419900,-80.2183000,69
5,25.7419026,-80.2183443,70
5,25.7418200,-80.2183000,71
5,25.7405400,-80.2172200,72
5,25.7394300,-80.2163400,73
5,25.7393500,-80.2162500,74
5,25.7406300,-80.2144000,75
5,25.7407300,-80.2142800,76
5,25.7420500,-80.2153700,77
5,25.7422100,-80.2155600,78
5,25.7424700,-80.2159800,79
5,25.7427500,-80.2163100,80
5,25.7429068,-80.2165898,81
5,25.7429847,-80.2166398,82
5,25.7430501,-80.2166034,83
5,25.7448100,-80.2140300,84
5,25.7481700,-80.2091500,85
5,25.7499400,-80.2066700,86
5,25.7500500,-80.2064800,87
5,25.7500817,-80.2060829,88
5,25.7502400,-80.2043700,89
5,25.7503300,-80.2039300,90
5,25.7504738,-80.2036080,91
5,25.7509407,-80.2028474,92
5,25.7517699,-80.2016468,93
5,25.7549624,-80.1969951,94
5,25.7578200,-80.1929100,95
5,25.7579600,-80.1928100,96
5,25.7581300,-80.1927200,97
5,25.7615300,-80.1918400,98
5,25.7630900,-80.1913900,99
5,25.7641100,-80.1911200,100
5,25.7642600,-80.1912200,101
5,25.7645700,-80.1925400,102
5,25.7645000,-80.1951200,103
5,25.7644800,-80.1952700,104
5,25.7643700,-80.1952900,105
5,25.7640900,-80.1952800,106
6,25.7633638,-80.1951779,1
6,25.761540,-80.195090,2
6,25.761530,-80.195010,3
6,25.761570,-80.193450,4
6,25.761560,-80.193350,5
6,25.761490,-80.193350,6
6,25.761140,-80.193440,7
6,25.759740,-80.193820,8
6,25.758880,-80.194040,9
6,25.758860,-80.194050,10
6,25.758820,-80.194180,11
6,25.758730,-80.194250,12
6,25.758650,-80.194240,13
6,25.758590,-80.194150,14
6,25.758580,-80.194020,15
6,25.758030,-80.193067,16
6,25.757987,-80.192833,17
6,25.758120,-80.192690,18
6,25.761667,-80.191773,19
6,25.762990,-80.191400,20
6,25.766257,-80.190570,21
6,25.767186,-80.190329,22
6,25.768585,-80.190020,23
6,25.768935,-80.189947,24
6,25.769190,-80.189925,25
6,25.769661,-80.189894,26
6,25.769898,-80.189906,27
6,25.770380,-80.189950,28
6,25.770693,-80.190003,29
6,25.770800,-80.189950,30
6,25.770844,-80.189884,31
6,25.770873,-80.189797,32
6,25.770900,-80.189230,33
6,25.770979,-80.187609,34
6,25.770994,-80.187417,35
6,25.771047,-80.187267,36
6,25.771157,-80.187221,37
6,25.771300,-80.187220,38
6,25.772260,-80.187230,39
6,25.773080,-80.187001,40
6,25.773780,-80.187050,41
6,25.774434,-80.187269,42
6,25.775795,-80.187426,43
6,25.776346,-80.187539,44
6,25.777350,-80.187860,45
6,25.778360,-80.188088,46
6,25.779356,-80.188486,47
6,25.779558,-80.188593,48
6,25.780320,-80.188960,49
6,25.780980,-80.189215,50
6,25.781400,-80.189280,51
6,25.781765,-80.189297,52
6,25.782033,-80.189268,53
6,25.783820,-80.189270,54
6,25.784390,-80.189240,55
6,25.784950,-80.189170,56
6,25.785871,-80.189020,57
6,25.786313,-80.189003,58
6,25.788260,-80.189120,59
6,25.788413,-80.189089,60
6,25.789668,-80.189026,61
6,25.790777,-80.188976,62
6,25.792509,-80.188923,63
6,25.794981,-80.188965,64
6,25.799015,-80.189040,65
6,25.800326,-80.189089,66
6,25.801510,-80.189111,67
6,25.802269,-80.189138,68
6,25.803105,-80.189218,69
6,25.803695,-80.189265,70
6,25.804190,-80.189330,71
6,25.804280,-80.189397,72
6,25.804299,-80.189569,73
6,25.804255,-80.190953,74
6,25.804145,-80.191181,75
6,25.804066,-80.193519,76
6,25.804110,-80.193625,77
6,25.804201,-80.193664,78
6,25.805740,-80.193290,79
6,25.807090,-80.192970,80
6,25.808443,-80.192688,81
6,25.810422,-80.192265,82
6,25.810471,-80.192239,83
6,25.810510,-80.192180,84
6,25.810520,-80.192120,85
6,25.810571,-80.191617,86
6,25.810580,-80.191305,87
6,25.810598,-80.191201,88
6,25.810621,-80.191134,89
6,25.810688,-80.191130,90
6,25.810750,-80.191159,91
6,25.810906,-80.191243,92
6,25.811978,-80.191292,93
6,25.812716,-80.191360,94
6,25.813431,-80.191368,95
6,25.813468,-80.191431,96
6,25.813494,-80.191518,97
6,25.813377,-80.195302,98
6,25.813330,-80.195443,99
6,25.813218,-80.195493,100
6,25.812560,-80.195480,101
6,25.808350,-80.195280,102
6,25.808206,-80.195208,103
6,25.808143,-80.195058,104
6,25.808200,-80.193820,105
6,25.808226,-80.192863,106
6,25.808170,-80.192810,107
6,25.807090,-80.193080,108
6,25.805830,-80.193370,109
6,25.8047,-80.19362,110
6,25.8041506,-80.1937504,111
6,25.8040456,-80.1937295,112
6,25.8039818,-80.1936362,113
6,25.8040049,-80.1924183,114
6,25.8040585,-80.1911948,115
6,25.8042054,-80.1909534,116
6,25.80425,-80.18957,117
6,25.8042263,-80.1894359,118
6,25.8041567,-80.1893983,119
6,25.8017976,-80.1892341,120
6,25.8002962,-80.1891941,121
6,25.7990096,-80.1891528,122
6,25.7949909,-80.1890959,123
6,25.7925073,-80.1890338,124
6,25.7923854,-80.1889569,125
6,25.7923069,-80.1888157,126
6,25.7923286,-80.1877312,127
6,25.7922237,-80.1874334,128
6,25.79201,-80.1872,129
6,25.79101,-80.18717,130
6,25.7899536,-80.1871509,131
6,25.78976,-80.1872,132
6,25.7896535,-80.1872508,133
6,25.7896062,-80.187369,134
6,25.7895795,-80.1882554,135
6,25.789592,-80.188938,136
6,25.789546,-80.1891069,137
6,25.789437,-80.189162,138
6,25.7882808,-80.1892251,139
6,25.7863092,-80.1891531,140
6,25.785947,-80.1891713,141
6,25.78551,-80.18927,142
6,25.7849,-80.18943,143
6,25.78439,-80.18954,144
6,25.7838442,-80.1895728,145
6,25.7818763,-80.1895427,146
6,25.781345,-80.1895196,147
6,25.7808587,-80.1894197,148
6,25.7803,-80.18925,149
6,25.7792,-80.18889,150
6,25.7785322,-80.1886594,151
6,25.7781293,-80.1885146,152
6,25.77728,-80.18831,153
6,25.77624,-80.18793,154
6,25.7753934,-80.1878254,155
6,25.774459,-80.1877334,156
6,25.77411,-80.18766,157
6,25.7736,-80.18749,158
6,25.7727917,-80.1875121,159
6,25.7727131,-80.1876062,160
6,25.77269,-80.18775,161
6,25.77263,-80.18929,162
6,25.7726154,-80.1898419,163
6,25.7725864,-80.1900638,164
6,25.772429,-80.1901443,165
6,25.7717967,-80.1901349,166
6,25.7710135,-80.1900706,167
6,25.7705334,-80.1901026,168
6,25.7701423,-80.1900688,169
6,25.7696565,-80.1900232,170
6,25.7693872,-80.190019,171
6,25.7690933,-80.1900541,172
6,25.7686062,-80.1901697,173
6,25.7672375,-80.1905018,174
6,25.7671607,-80.1905697,175
6,25.7671177,-80.1906591,176
6,25.7674,-80.19203,177
6,25.76733,-80.19471,178
6,25.7673,-80.19516,179
6,25.7672,-80.19527,180
6,25.76718,-80.19528,181
6,25.76435,-80.19527,182
6,25.7635755,-80.1952235,183
6,25.7633638,-80.1951779,184
7,25.7782593,-80.1776414,1
7,25.7782550,-80.1771200,2
7,25.7782010,-80.1769690,3
7,25.7781180,-80.1768400,4
7,25.7780090,-80.1767390,5
7,25.7778800,-80.1766710,6
7,25.7775670,-80.1766040,7
7,25.7772870,-80.1766050,8
7,25.7771870,-80.1766920,9
7,25.7771030,-80.1768920,10
7,25.7771310,-80.1770210,11
7,25.7771520,-80.1770850,12
7,25.7772580,-80.1772790,13
7,25.7775100,-80.1776780,14
7,25.7778200,-80.1781350,15
7,25.7781070,-80.1786550,16
7,25.7785070,-80.1796020,17
7,25.7790220,-80.1807860,18
7,25.7797340,-80.1823980,19
7,25.7800570,-80.1832220,20
7,25.7802350,-80.1838180,21
7,25.7803750,-80.1846560,22
7,25.7804040,-80.1855540,23
7,25.7803230,-80.1864990,24
7,25.7802500,-80.1874430,25
7,25.7800940,-80.1887430,26
7,25.7800830,-80.1893590,27
7,25.7800380,-80.1903500,28
7,25.7799440,-80.1904800,29
7,25.7791040,-80.1904460,30
7,25.7782320,-80.1904290,31
7,25.7772630,-80.1903960,32
7,25.7753240,-80.1903200,33
7,25.7752430,-80.1903370,34
7,25.7752360,-80.1904290,35
7,25.7751850,-80.1923900,36
7,25.7751500,-80.1936430,37
7,25.7750900,-80.1955910,38
7,25.7750000,-80.1976140,39
7,25.7749550,-80.1976980,40
7,25.7748730,-80.1977220,41
7,25.7734030,-80.1977020,42
7,25.7729270,-80.1976930,43
7,25.7715500,-80.1976520,44
7,25.7705280,-80.1976570,45
7,25.7693975,-80.1975966,46
7,25.7691138,-80.1975711,47
7,25.7684630,-80.1975550,48
7,25.7678490,-80.1975480,49
7,25.7671700,-80.1975110,50
7,25.7664410,-80.1974700,51
7,25.7663389,-80.1974091,52
7,25.7662900,-80.1973000,53
7,25.7663430,-80.1954360,54
7,25.7662710,-80.1953180,55
7,25.7638610,-80.1952550,56
7,25.7637950,-80.1953960,57
7,25.7638270,-80.1955340,58
7,25.7639380,-80.1955778,59
7,25.7646733,-80.1956126,60
7,25.7653231,-80.1956239,61
7,25.7653812,-80.1957113,62
7,25.7653530,-80.1972960,63
7,25.7653300,-80.1973780,64
7,25.7652830,-80.1974140,65
7,25.7644440,-80.1973830,66
7,25.7644140,-80.1974110,67
7,25.7643970,-80.1974540,68
7,25.7643290,-80.1989490,69
7,25.7642260,-80.1990270,70
7,25.7624690,-80.1989160,71
7,25.7624120,-80.1988500,72
7,25.7624360,-80.1973930,73
7,25.7623990,-80.1973440,74
7,25.7623520,-80.1973160,75
7,25.7616620,-80.1972830,76
7,25.7615700,-80.1973230,77
7,25.7615160,-80.1974050,78
7,25.7615010,-80.1983790,79
7,25.7615060,-80.1992320,80
7,25.7614600,-80.1995530,81
7,25.7612510,-80.1998880,82
7,25.7612460,-80.1999020,83
7,25.7610490,-80.2001940,84
7,25.7598520,-80.2019340,85
7,25.7589530,-80.2032450,86
7,25.7561220,-80.2073230,87
7,25.7531410,-80.2116830,88
7,25.7519090,-80.2134580,89
7,25.7517590,-80.2134460,90
7,25.7516470,-80.2133420,91
7,25.7503410,-80.2122300,92
7,25.7501380,-80.2122950,93
7,25.7498920,-80.2128650,94
7,25.7497650,-80.2129620,95
7,25.7496420,-80.2128800,96
7,25.7496430,-80.2125550,97
7,25.7498460,-80.2120450,98
7,25.7499110,-80.2120130,99
7,25.7500920,-80.2120620,100
7,25.7502280,-80.2120070,101
7,25.7506170,-80.2110430,102
7,25.7522770,-80.2123820,103
7,25.7524080,-80.2124940,104
7,25.7524370,-80.2126110,105
7,25.7511380,-80.2145560,106
7,25.7510700,-80.2162530,107
7,25.7509250,-80.2221180,108
7,25.7506850,-80.2303800,109
7,25.7499650,-80.2544010,110
7,25.7499680,-80.2546160,111
7,25.7517030,-80.2567820,112
7,25.7523150,-80.2567830,113
7,25.7523530,-80.2568360,114
7,25.7523630,-80.2569160,115
7,25.7522410,-80.2585500,116
7,25.7521460,-80.2587390,117
7,25.7519550,-80.2587880,118
7,25.7505050,-80.2587140,119
7,25.7487800,-80.2586850,120
7,25.7486770,-80.2586370,121
7,25.7486400,-80.2585080,122
7,25.7487610,-80.2566190,123
7,25.7488770,-80.2547070,124
7,25.7489360,-80.2545600,125
7,25.7490670,-80.2544940,126
7,25.7497430,-80.2545170,127
7,25.7497910,-80.2545030,128
7,25.7498060,-80.2544140,129
7,25.7498680,-80.2522000,130
7,25.7504710,-80.2321850,131
7,25.7505240,-80.2299570,132
7,25.7507880,-80.2220830,133
7,25.7508470,-80.2199320,134
7,25.7509160,-80.2175220,135
7,25.7509980,-80.2149280,136
7,25.7510350,-80.2144370,137
7,25.7516190,-80.2135300,138
7,25.7516310,-80.2134460,139
7,25.7515850,-80.2133560,140
7,25.7503220,-80.2122680,141
7,25.7501610,-80.2123220,142
7,25.7499150,-80.2128840,143
7,25.7497710,-80.2129900,144
7,25.7496180,-80.2128940,145
7,25.7496180,-80.2125410,146
7,25.7498230,-80.2120340,147
7,25.7499100,-80.2119850,148
7,25.7500920,-80.2120310,149
7,25.7502150,-80.2119800,150
7,25.7506090,-80.2110070,151
7,25.7523660,-80.2124030,152
7,25.7529280,-80.2115750,153
7,25.7552660,-80.2081140,154
7,25.7582100,-80.2038500,155
7,25.7609060,-80.1999700,156
7,25.7612840,-80.1995080,157
7,25.7613610,-80.1993770,158
7,25.7614120,-80.1991180,159
7,25.7614080,-80.1989280,160
7,25.7612380,-80.1986240,161
7,25.7604930,-80.1973600,162
7,25.7605080,-80.1972630,163
7,25.7606830,-80.1971870,164
7,25.7615560,-80.1972110,165
7,25.7624610,-80.1972420,166
7,25.7633730,-80.1972850,167
7,25.7634120,-80.1972140,168
7,25.7634600,-80.1956630,169
7,25.7634950,-80.1955960,170
7,25.7635400,-80.1956050,171
7,25.7652977,-80.1956487,172
7,25.7653580,-80.1957704,173
7,25.7653730,-80.1972760,174
7,25.7654020,-80.1973230,175
7,25.7654740,-80.1973470,176
7,25.7664190,-80.1973720,177
7,25.7673660,-80.1974190,178
7,25.7679000,-80.1974580,179
7,25.7683930,-80.1974640,180
7,25.7688820,-80.1974620,181
7,25.7700390,-80.1975230,182
7,25.7704370,-80.1975520,183
7,25.7715510,-80.1975640,184
7,25.7739090,-80.1976580,185
7,25.7739760,-80.1976450,186
7,25.7740030,-80.1975710,187
7,25.7740920,-80.1954650,188
7,25.7742430,-80.1903420,189
7,25.7742580,-80.1890710,190
7,25.7743080,-80.1874110,191
7,25.7743680,-80.1873010,192
7,25.7744390,-80.1872870,193
7,25.7752890,-80.1873710,194
7,25.7758186,-80.1874265,195
7,25.7763410,-80.1875490,196
7,25.7773250,-80.1878680,197
7,25.7783400,-80.1880990,198
7,25.7794190,-80.1885300,199
7,25.7796330,-80.1884130,200
7,25.7797920,-80.1882320,201
7,25.7799110,-80.1880080,202
7,25.7800210,-80.1877170,203
7,25.7800920,-80.1874210,204
7,25.7802080,-80.1864460,205
7,25.7802720,-80.1854060,206
7,25.7802550,-80.1849240,207
7,25.7801950,-80.1844250,208
7,25.7800820,-80.1838200,209
7,25.7798600,-80.1831100,210
7,25.7789200,-80.1809160,211
7,25.7780180,-80.1787950,212
7,25.7777910,-80.1783340,213
7,25.7774960,-80.1779120,214
7,25.7770560,-80.1773940,215
7,25.7766970,-80.1769770,216
7,25.7765470,-80.1769690,217
7,25.7763620,-80.1770430,218
7,25.7761450,-80.1771280,219
7,25.7752070,-80.1775940,220
7,25.7751060,-80.1776160,221
7,25.7750570,-80.1775690,222
7,25.7746970,-80.1767400,223
7,25.7746920,-80.1766370,224
7,25.7747350,-80.1765740,225
7,25.7752230,-80.1762920,226
7,25.7753010,-80.1762970,227
7,25.7753560,-80.1763700,228
7,25.7757300,-80.1772010,229
7,25.7758260,-80.1772200,230
7,25.7760720,-80.1771280,231
7,25.7762020,-80.1771160,232
7,25.7762610,-80.1771780,233
7,25.7763980,-80.1773920,234
7,25.7765890,-80.1775310,235
7,25.7768860,-80.1777040,236
7,25.7771390,-80.1779070,237
7,25.7775650,-80.1783900,238
7,25.7777530,-80.1787020,239
7,25.7778820,-80.1787500,240
7,25.7781980,-80.1785890,241
7,25.7782480,-80.1784680,242
7,25.7782593,-80.1776414,243
11,25.78949,-80.18823,1
11,25.78956,-80.18718,2
11,25.78972,-80.18703,3
11,25.79204,-80.18708,4
11,25.79239,-80.18773,5
11,25.79239,-80.18881,6
11,25.79226,-80.18904,7
11,25.78969,-80.18915,8
11,25.78961,-80.18918,9
11,25.78958,-80.18929,10
11,25.78953,-80.19225,11
11,25.79176,-80.19237,12
11,25.79168,-80.19467,13
11,25.79549,-80.19478,14
11,25.79559,-80.19494,15
11,25.79546,-80.19861,16
11,25.79548,-80.19876,17
11,25.79558,-80.19885,18
11,25.8038,-80.19914,19
11,25.80392,-80.19526,20
11,25.80386,-80.19518,21
11,25.80374,-80.19516,22
11,25.8016,-80.1951,23
11,25.80157,-80.19522,24
11,25.80148,-80.19913,25
11,25.79559,-80.19893,26
11,25.79541,-80.19884,27
11,25.79537,-80.19845,28
11,25.79549,-80.19498,29
11,25.79542,-80.19488,30
11,25.79155,-80.19474,31
11,25.78953,-80.19469,32
11,25.78938,-80.19455,33
11,25.78952,-80.18881,34
11,25.78948,-80.18828,35
11,25.78949,-80.18823,36
12,25.77453,-80.25594,1
12,25.77455,-80.25572,2
12,25.77445,-80.25562,3
12,25.76885,-80.25541,4
12,25.76481,-80.25519,5
12,25.76464,-80.25502,6
12,25.76476,-80.25063,7
12,25.76488,-80.24714,8
12,25.7651,-80.23903,9
12,25.76544,-80.22855,10
12,25.76592,-80.21165,11
12,25.76594,-80.20919,12
12,25.76627,-80.1975,13
12,25.7634,-80.19734,14
12,25.76345,-80.19561,15
12,25.76538,-80.19565,16
12,25.76533,-80.19734,17
12,25.76728,-80.19749,18
12,25.76725,-80.1991,19
12,25.76913,-80.19917,20
12,25.76911,-80.20087,21
12,25.77209,-80.20094,22
12,25.77305,-80.20125,23
12,25.77399,-80.20199,24
12,25.77488,-80.20278,25
12,25.77483,-80.20443,26
12,25.7739,-80.2044,27
12,25.77377,-80.20761,28
12,25.77364,-80.21133,29
12,25.77355,-80.2145,30
12,25.77344,-80.217,31
12,25.77336,-80.21979,32
12,25.77333,-80.22148,33
12,25.77331,-80.22198,34
12,25.77321,-80.22249,35
12,25.77306,-80.22302,36
12,25.77281,-80.22373,37
12,25.77276,-80.22429,38
12,25.77247,-80.23522,39
12,25.77187,-80.25534,40
12,25.77197,-80.25543,41
12,25.7738,-80.25549,42
12,25.77396,-80.25564,43
12,25.77393,-80.25818,44
12,25.77399,-80.25825,45
12,25.7745,-80.25825,46
12,25.77452,-80.25819,47
12,25.77453,-80.25594,48
13,25.73908,-80.22319,1
13,25.73708,-80.22713,2
13,25.73664,-80.22784,3
13,25.73613,-80.22852,4
13,25.7355,-80.22927,5
13,25.73252,-80.23347,6
13,25.73115,-80.23535,7
13,25.72879,-80.23733,8
13,25.72792,-80.23844,9
13,25.72777,-80.23871,10
13,25.72778,-80.23886,11
13,25.72821,-80.23927,12
13,25.72825,-80.23951,13
13,25.72819,-80.24151,14
13,25.72816,-80.24202,15
13,25.72812,-80.24239,16
13,25.72804,-80.24419,17
13,25.72773,-80.25344,18
13,25.72783,-80.25357,19
13,25.73265,-80.25387,20
13,25.73399,-80.25234,21
13,25.73517,-80.2506,22
13,25.73529,-80.24589,23
13,25.72791,-80.2455,24
13,25.72805,-80.24236,25
13,25.7281,-80.242,26
13,25.72813,-80.24145,27
13,25.72819,-80.23944,28
13,25.72803,-80.23922,29
13,25.72772,-80.2389,30
13,25.72761,-80.23875,31
13,25.72763,-80.23861,32
13,25.72819,-80.23791,33
13,25.72881,-80.23704,34
13,25.72916,-80.23675,35
13,25.72946,-80.23656,36
13,25.72999,-80.2361,37
13,25.73072,-80.23553,38
13,25.73107,-80.23522,39
13,25.73233,-80.23352,40
13,25.7325,-80.23334,41
13,25.73559,-80.22906,42
13,25.73656,-80.22785,43
13,25.73684,-80.22739,44
13,25.73921,-80.22277,45
13,25.74014,-80.22101,46
13,25.74183,-80.21837,47
13,25.73936,-80.2163,48
13,25.7407,-80.21428,49
13,25.74164,-80.21503,50
13,25.74215,-80.21552,51
13,25.74253,-80.21608,52
13,25.74279,-80.21639,53
13,25.74301,-80.2168,54
13,25.7419,-80.21841,55
13,25.74022,-80.22101,56
13,25.73911,-80.22313,57
13,25.73908,-80.22319,58
