trip_id,arrival_time,departure_time,stop_id,stop_sequence
2,06:30:00,06:30:00,29,0
2,,,30,1
2,,,31,2
2,,,32,3
2,,,33,4
2,,,34,5
2,,,35,6
2,,,36,7
2,,,37,8
2,,,38,9
2,,,39,10
2,,,40,11
2,,,41,12
2,,,42,13
2,,,43,14
2,,,44,15
2,,,45,16
2,,,46,17
2,,,47,18
2,,,48,19
2,,,49,20
2,,,50,21
2,,,51,22
2,,,52,23
2,,,53,24
2,,,54,25
2,,,55,26
2,,,56,27
2,,,57,28
2,,,58,29
2,,,59,30
2,,,60,31
2,,,61,32
2,,,62,33
2,,,63,34
2,,,64,35
2,,,65,36
2,,,66,37
2,,,67,38
2,,,68,39
2,,,69,40
2,,,70,41
2,,,71,42
2,,,72,43
2,,,73,44
2,,,26,45
2,,,27,46
2,,,1,47
2,,,77,48
2,,,78,49
2,,,79,50
2,,,80,51
2,,,81,52
2,,,82,53
2,,,83,54
2,,,84,55
2,,,85,56
2,,,86,57
2,,,87,58
2,,,88,59
2,23:00:00,23:00:00,89,60
6,06:30:00,06:30:00,147,0
6,,,148,1
6,,,189,2
6,,,190,3
6,,,180,4
6,,,181,5
6,,,182,6
6,,,554,7
6,,,560,8
6,,,195,9
6,,,196,10
6,,,197,11
6,,,198,12
6,,,199,13
6,,,200,14
6,,,201,15
6,,,202,16
6,,,203,17
6,,,204,18
6,,,205,19
6,,,206,20
6,,,207,21
6,,,208,22
6,,,209,23
6,,,210,24
6,,,211,25
6,,,212,26
6,,,213,27
6,,,214,28
6,,,215,29
6,,,217,30
6,,,218,31
6,,,219,32
6,,,220,33
6,,,221,34
6,,,222,35
6,,,223,36
6,,,224,37
6,,,225,38
6,,,226,39
6,,,227,40
6,,,228,41
6,,,229,42
6,,,230,43
6,,,231,44
6,,,232,45
6,,,233,46
6,,,234,47
6,,,235,48
6,,,236,49
6,,,29,50
6,,,30,51
6,,,239,52
6,,,240,53
6,,,241,54
6,,,242,55
6,,,243,56
6,,,244,57
6,,,245,58
6,,,246,59
6,,,247,60
6,,,248,61
6,,,249,62
6,,,250,63
6,,,561,64
6,,,251,65
6,,,252,66
6,23:00:00,23:00:00,253,67
5,06:30:00,06:30:00,137,0
5,,,138,1
5,,,139,2
5,,,140,3
5,,,141,4
5,,,142,5
5,,,559,6
5,,,143,7
5,,,144,8
5,,,145,9
5,,,146,10
5,,,147,11
5,,,148,12
5,,,552,13
5,,,151,14
5,,,152,15
5,,,153,16
5,,,154,17
5,,,155,18
5,,,156,19
5,,,157,20
5,,,158,21
5,,,159,22
5,,,160,23
5,,,161,24
5,,,162,25
5,,,163,26
5,,,164,27
5,,,165,28
5,,,166,29
5,,,167,30
5,,,168,31
5,,,169,32
5,,,170,33
5,,,171,34
5,,,172,35
5,,,173,36
5,,,174,37
5,,,175,38
5,,,176,39
5,,,177,40
5,,,178,41
5,,,179,42
5,,,180,43
5,,,181,44
5,,,182,45
5,,,183,46
5,,,145,47
5,23:00:00,23:00:00,146,48
7,06:30:00,06:30:00,470,0
7,,,471,1
7,,,472,2
7,,,473,3
7,,,474,4
7,,,475,5
7,,,476,6
7,,,477,7
7,,,478,8
7,,,479,9
7,,,480,10
7,,,482,11
7,,,481,12
7,,,484,13
7,,,485,14
7,,,486,15
7,,,487,16
7,,,488,17
7,,,489,18
7,,,490,19
7,,,491,20
7,,,492,21
7,,,493,22
7,,,494,23
7,,,495,24
7,,,496,25
7,,,497,26
7,,,498,27
7,,,499,28
7,,,500,29
7,,,501,30
7,,,502,31
7,,,503,32
7,,,504,33
7,,,505,34
7,,,506,35
7,,,507,36
7,,,508,37
7,,,509,38
7,,,510,39
7,,,512,40
7,,,513,41
7,,,514,42
7,,,515,43
7,,,516,44
7,,,517,45
7,,,518,46
7,,,519,47
7,,,520,48
7,,,521,49
7,,,522,50
7,,,523,51
7,,,524,52
7,,,525,53
7,,,526,54
7,,,527,55
7,,,528,56
7,,,529,57
7,,,530,58
7,,,531,59
7,,,532,60
7,,,533,61
7,,,534,62
7,,,535,63
7,,,536,64
7,,,537,65
7,,,538,66
7,,,539,67
7,,,540,68
7,,,541,69
7,,,542,70
7,,,543,71
7,,,544,72
7,,,545,73
7,,,546,74
7,,,547,75
7,,,548,76
7,,,549,77
7,,,200,78
7,,,201,79
7,,,202,80
7,,,203,81
7,23:00:00,23:00:00,550,82
3,06:30:00,06:30:00,1,0
3,,,2,1
3,,,93,2
3,,,94,3
3,,,95,4
3,,,96,5
3,,,97,6
3,,,98,7
3,,,99,8
3,,,100,9
3,,,101,10
3,,,102,11
3,,,103,12
3,,,104,13
3,,,105,14
3,,,106,15
3,,,25,16
3,,,26,17
3,23:00:00,23:00:00,27,18
1,06:30:00,06:30:00,1,0
1,,,2,1
1,,,3,2
1,,,4,3
1,,,5,4
1,,,6,5
1,,,7,6
1,,,8,7
1,,,9,8
1,,,10,9
1,,,11,10
1,,,12,11
1,,,13,12
1,,,14,13
1,,,15,14
1,,,16,15
1,,,17,16
1,,,18,17
1,,,19,18
1,,,20,19
1,,,21,20
1,,,22,21
1,,,23,22
1,,,24,23
1,,,25,24
1,,,26,25
1,23:00:00,23:00:00,27,26
4,06:30:00,06:30:00,43,0
4,,,44,1
4,,,45,2
4,,,46,3
4,,,115,4
4,,,116,5
4,,,117,6
4,,,118,7
4,,,119,8
4,,,120,9
4,,,121,10
4,,,122,11
4,,,123,12
4,,,124,13
4,,,125,14
4,,,102,15
4,,,127,16
4,,,128,17
4,,,129,18
4,,,22,19
4,,,23,20
4,,,132,21
4,,,133,22
4,,,134,23
4,23:00:00,23:00:00,135,24
