trip_id,arrival_time,departure_time,stop_id,stop_sequence
10,07:00:00,08:00:00,1001,1
10,,,1002,2
10,,,1003,3
10,,,1004,4
10,,,1005,5
10,,,1006,6
10,,,1007,7
10,,,1008,8
10,,,1009,9
10,,,1010,10
10,,,1011,11
10,,,1012,12
10,,,1013,13
10,,,1014,14
10,,,1015,15
10,,,1016,16
10,,,1017,17
10,,,1018,18
10,,,1019,19
10,,,1020,20
10,,,1021,21
10,,,1022,22
10,,,1023,23
10,,,1024,24
10,,,1025,25
10,,,1026,26
10,,,1027,27
10,,,1028,28
10,,,1029,29
10,,,1030,30
10,,,1031,31
10,,,1032,32
10,,,1033,33
10,,,1034,34
10,,,1035,35
10,,,1036,36
10,,,1037,37
10,,,1038,38
10,,,1039,39
10,,,1040,40
10,,,1041,41
10,,,1042,42
10,,,1043,43
10,,,1044,44
10,,,1045,45
10,,,1046,46
10,,,1047,47
10,,,1048,48
10,,,1049,49
10,,,1050,50
10,,,1051,51
10,,,1052,52
10,,,1053,53
10,,,1054,54
10,,,1055,55
10,,,1056,56
10,,,1057,57
10,,,1058,58
10,,,1059,59
10,,,1060,60
10,,,1061,61
10,,,1062,62
10,,,1063,63
10,,,1064,64
10,,,1065,65
10,,,1066,66
10,,,1067,67
10,,,1068,68
10,,,1069,69
10,,,1070,70
10,,,1071,71
10,,,1072,72
10,,,1073,73
10,,,1074,74
10,,,1075,75
10,,,1076,76
10,24:00:00,24:00:00,1077,77
11,07:00:00,08:00:00,1001,1
11,,,1002,2
11,,,1003,3
11,,,1004,4
11,,,1005,5
11,,,1006,6
11,,,1007,7
11,,,1008,8
11,,,1009,9
11,,,1010,10
11,,,1011,11
11,,,1012,12
11,,,1013,13
11,,,1014,14
11,,,1015,15
11,,,1016,16
11,,,1017,17
11,,,1018,18
11,,,1019,19
11,,,1020,20
11,,,1021,21
11,,,1022,22
11,,,1023,23
11,,,1024,24
11,,,1025,25
11,,,1026,26
11,,,1027,27
11,,,1028,28
11,,,1029,29
11,,,1030,30
11,,,1031,31
11,,,1032,32
11,,,1033,33
11,,,1034,34
11,,,1035,35
11,,,1036,36
11,,,1037,37
11,,,1038,38
11,,,1039,39
11,,,1040,40
11,,,1041,41
11,,,1042,42
11,,,1043,43
11,,,1044,44
11,,,1045,45
11,,,1046,46
11,,,1047,47
11,,,1048,48
11,,,1049,49
11,,,1050,50
11,,,1051,51
11,,,1052,52
11,,,1053,53
11,,,1054,54
11,,,1055,55
11,,,1056,56
11,,,1057,57
11,,,1058,58
11,,,1059,59
11,,,1060,60
11,,,1061,61
11,,,1062,62
11,,,1063,63
11,,,1064,64
11,,,1065,65
11,,,1066,66
11,,,1067,67
11,,,1068,68
11,,,1069,69
11,,,1070,70
11,,,1071,71
11,,,1072,72
11,,,1073,73
11,,,1074,74
11,,,1075,75
11,,,1076,76
11,24:00:00,24:00:00,1077,77
12,07:00:00,08:00:00,1001,1
12,,,1002,2
12,,,1003,3
12,,,1004,4
12,,,1005,5
12,,,1006,6
12,,,1007,7
12,,,1008,8
12,,,1009,9
12,,,1010,10
12,,,1011,11
12,,,1012,12
12,,,1013,13
12,,,1014,14
12,,,1015,15
12,,,1016,16
12,,,1017,17
12,,,1018,18
12,,,1019,19
12,,,1020,20
12,,,1021,21
12,,,1022,22
12,,,1023,23
12,,,1024,24
12,,,1025,25
12,,,1026,26
12,,,1027,27
12,,,1028,28
12,,,1029,29
12,,,1030,30
12,,,1031,31
12,,,1032,32
12,,,1033,33
12,,,1034,34
12,,,1035,35
12,,,1036,36
12,,,1037,37
12,,,1038,38
12,,,1039,39
12,,,1040,40
12,,,1041,41
12,,,1042,42
12,,,1043,43
12,,,1044,44
12,,,1045,45
12,,,1046,46
12,,,1047,47
12,,,1048,48
12,,,1049,49
12,,,1050,50
12,,,1051,51
12,,,1052,52
12,,,1053,53
12,,,1054,54
12,,,1055,55
12,,,1056,56
12,,,1057,57
12,,,1058,58
12,,,1059,59
12,,,1060,60
12,,,1061,61
12,,,1062,62
12,,,1063,63
12,,,1064,64
12,,,1065,65
12,,,1066,66
12,,,1067,67
12,,,1068,68
12,,,1069,69
12,,,1070,70
12,,,1071,71
12,,,1072,72
12,,,1073,73
12,,,1074,74
12,,,1075,75
12,,,1076,76
12,24:00:00,24:00:00,1077,77
13,07:00:00,08:00:00,1001,1
13,,,1002,2
13,,,1003,3
13,,,1004,4
13,,,1005,5
13,,,1006,6
13,,,1007,7
13,,,1008,8
13,,,1009,9
13,,,1010,10
13,,,1011,11
13,,,1012,12
13,,,1013,13
13,,,1014,14
13,,,1015,15
13,,,1016,16
13,,,1017,17
13,,,1018,18
13,,,1019,19
13,,,1020,20
13,,,1021,21
13,,,1022,22
13,,,1023,23
13,,,1024,24
13,,,1025,25
13,,,1026,26
13,,,1027,27
13,,,1028,28
13,,,1029,29
13,,,1030,30
13,,,1031,31
13,,,1032,32
13,,,1033,33
13,,,1034,34
13,,,1035,35
13,,,1036,36
13,,,1037,37
13,,,1038,38
13,,,1039,39
13,,,1040,40
13,,,1041,41
13,,,1042,42
13,,,1043,43
13,,,1044,44
13,,,1045,45
13,,,1046,46
13,,,1047,47
13,,,1048,48
13,,,1049,49
13,,,1050,50
13,,,1051,51
13,,,1052,52
13,,,1053,53
13,,,1054,54
13,,,1055,55
13,,,1056,56
13,,,1057,57
13,,,1058,58
13,,,1059,59
13,,,1060,60
13,,,1061,61
13,,,1062,62
13,,,1063,63
13,,,1064,64
13,,,1065,65
13,,,1066,66
13,,,1067,67
13,,,1068,68
13,,,1069,69
13,,,1070,70
13,,,1071,71
13,,,1072,72
13,,,1073,73
13,,,1074,74
13,,,1075,75
13,,,1076,76
13,24:00:00,24:00:00,1077,77
14,07:00:00,08:00:00,1001,1
14,,,1002,2
14,,,1003,3
14,,,1004,4
14,,,1005,5
14,,,1006,6
14,,,1007,7
14,,,1008,8
14,,,1009,9
14,,,1010,10
14,,,1011,11
14,,,1012,12
14,,,1013,13
14,,,1014,14
14,,,1015,15
14,,,1016,16
14,,,1017,17
14,,,1018,18
14,,,1019,19
14,,,1020,20
14,,,1021,21
14,,,1022,22
14,,,1023,23
14,,,1024,24
14,,,1025,25
14,,,1026,26
14,,,1027,27
14,,,1028,28
14,,,1029,29
14,,,1030,30
14,,,1031,31
14,,,1032,32
14,,,1033,33
14,,,1034,34
14,,,1035,35
14,,,1036,36
14,,,1037,37
14,,,1038,38
14,,,1039,39
14,,,1040,40
14,,,1041,41
14,,,1042,42
14,,,1043,43
14,,,1044,44
14,,,1045,45
14,,,1046,46
14,,,1047,47
14,,,1048,48
14,,,1049,49
14,,,1050,50
14,,,1051,51
14,,,1052,52
14,,,1053,53
14,,,1054,54
14,,,1055,55
14,,,1056,56
14,,,1057,57
14,,,1058,58
14,,,1059,59
14,,,1060,60
14,,,1061,61
14,,,1062,62
14,,,1063,63
14,,,1064,64
14,,,1065,65
14,,,1066,66
14,,,1067,67
14,,,1068,68
14,,,1069,69
14,,,1070,70
14,,,1071,71
14,,,1072,72
14,,,1073,73
14,,,1074,74
14,,,1075,75
14,,,1076,76
14,24:00:00,24:00:00,1077,77
15,07:00:00,08:00:00,1001,1
15,,,1002,2
15,,,1003,3
15,,,1004,4
15,,,1005,5
15,,,1006,6
15,,,1007,7
15,,,1008,8
15,,,1009,9
15,,,1010,10
15,,,1011,11
15,,,1012,12
15,,,1013,13
15,,,1014,14
15,,,1015,15
15,,,1016,16
15,,,1017,17
15,,,1018,18
15,,,1019,19
15,,,1020,20
15,,,1021,21
15,,,1022,22
15,,,1023,23
15,,,1024,24
15,,,1025,25
15,,,1026,26
15,,,1027,27
15,,,1028,28
15,,,1029,29
15,,,1030,30
15,,,1031,31
15,,,1032,32
15,,,1033,33
15,,,1034,34
15,,,1035,35
15,,,1036,36
15,,,1037,37
15,,,1038,38
15,,,1039,39
15,,,1040,40
15,,,1041,41
15,,,1042,42
15,,,1043,43
15,,,1044,44
15,,,1045,45
15,,,1046,46
15,,,1047,47
15,,,1048,48
15,,,1049,49
15,,,1050,50
15,,,1051,51
15,,,1052,52
15,,,1053,53
15,,,1054,54
15,,,1055,55
15,,,1056,56
15,,,1057,57
15,,,1058,58
15,,,1059,59
15,,,1060,60
15,,,1061,61
15,,,1062,62
15,,,1063,63
15,,,1064,64
15,,,1065,65
15,,,1066,66
15,,,1067,67
15,,,1068,68
15,,,1069,69
15,,,1070,70
15,,,1071,71
15,,,1072,72
15,,,1073,73
15,,,1074,74
15,,,1075,75
15,,,1076,76
15,24:00:00,24:00:00,1077,77
20,07:00:00,19:00:00,2001,1
20,,,2002,2
20,,,2003,3
20,,,2004,4
20,,,2005,5
20,,,2006,6
20,,,2007,7
20,,,2008,8
20,,,2009,9
20,,,2010,10
20,,,2011,11
20,,,2012,12
20,,,2013,13
20,,,2014,14
20,,,2015,15
20,,,2016,16
20,,,2017,17
20,,,2018,18
20,,,2019,19
20,,,2020,20
20,,,2021,21
20,,,2022,22
20,,,2023,23
20,,,2024,24
20,,,2025,25
20,,,2026,26
20,,,2027,27
20,,,2028,28
20,,,2029,29
20,,,2030,30
20,,,2031,31
20,,,2032,32
20,,,2033,33
20,,,2034,34
20,,,2035,35
20,,,2036,36
20,,,2037,37
20,,,2038,38
20,,,2039,39
20,,,2040,40
20,,,2041,41
20,,,2042,42
20,,,2043,43
20,,,2044,44
20,,,2045,45
20,24:00:00,24:00:00,2046,46
30,07:00:00,19:00:00,3001,1
30,,,3002,2
30,,,3003,3
30,,,3004,4
30,,,3005,5
30,,,3006,6
30,,,3007,7
30,,,3008,8
30,,,3009,9
30,,,3010,10
30,,,3011,11
30,,,3012,12
30,,,3013,13
30,,,3014,14
30,,,3015,15
30,,,3016,16
30,,,3017,17
30,,,3018,18
30,,,3019,19
30,,,3020,20
30,,,3021,21
30,,,3022,22
30,,,3023,23
30,,,3024,24
30,,,3025,25
30,,,3026,26
30,,,3027,27
30,,,3028,28
30,,,3029,29
30,,,3030,30
30,,,3031,31
30,,,3032,32
30,,,3033,33
30,,,3034,34
30,,,3035,35
30,,,3036,36
30,,,3037,37
30,,,3038,38
30,,,3039,39
30,,,3040,40
30,24:00:00,24:00:00,3040,40
31,07:00:00,19:00:00,3001,1
31,,,3002,2
31,,,3003,3
31,,,3004,4
31,,,3005,5
31,,,3006,6
31,,,3007,7
31,,,3008,8
31,,,3009,9
31,,,3010,10
31,,,3011,11
31,,,3012,12
31,,,3013,13
31,,,3014,14
31,,,3015,15
31,,,3016,16
31,,,3017,17
31,,,3018,18
31,,,3019,19
31,,,3020,20
31,,,3021,21
31,,,3022,22
31,,,3023,23
31,,,3024,24
31,,,3025,25
31,,,3026,26
31,,,3027,27
31,,,3028,28
31,,,3029,29
31,,,3030,30
31,,,3031,31
31,,,3032,32
31,,,3033,33
31,,,3034,34
31,,,3035,35
31,,,3036,36
31,,,3037,37
31,,,3038,38
31,,,3039,39
31,,,3040,40
31,24:00:00,24:00:00,3040,40