shape_id,shape_pt_lat,shape_pt_lon,shape_pt_sequence
1,25.82206705,-80.2728349,1
1,25.82204773,-80.27317822,2
1,25.82210085,-80.27323186,3
1,25.82284448,-80.27325869,4
1,25.82562581,-80.2733928,5
1,25.83011636,-80.27354836,6
1,25.83375213,-80.2736932,7
1,25.83559653,-80.27375758,8
1,25.83746505,-80.27383804,9
1,25.84101852,-80.27398288,10
1,25.84113439,-80.27410626,11
1,25.84099438,-80.27993202,12
1,25.84106197,-80.28000712,13
1,25.84128406,-80.28000176,14
1,25.84136131,-80.27991593,15
1,25.8413951,-80.27977645,16
1,25.84137579,-80.2795136,17
1,25.8413951,-80.27841389,18
1,25.84137579,-80.27819932,19
1,25.84129854,-80.27810812,20
1,25.84108128,-80.27809203,21
1,25.84102334,-80.27818322,22
1,25.8409123,-80.28195977,23
1,25.84097989,-80.28203487,24
1,25.8437608,-80.28215826,25
1,25.84641611,-80.28228164,26
1,25.84822169,-80.28235137,27
1,25.84834721,-80.28243184,28
1,25.84828928,-80.28425038,29
1,25.84812997,-80.28823078,30
1,25.84806238,-80.29008687,31
1,25.84804307,-80.29222727,32
1,25.84805272,-80.2981925,33
1,25.84805272,-80.30429184,34
1,25.84803824,-80.30617476,35
1,25.84811066,-80.30627131,36
1,25.8515576,-80.30636787,37
1,25.85346931,-80.30643761,38
1,25.85519272,-80.30652881,39
1,25.85526995,-80.30663073,40
1,25.85529409,-80.31047702,41
1,25.85529892,-80.31439841,42
1,25.85537616,-80.31452179,43
1,25.85799742,-80.3145808,44
1,25.86031451,-80.31463981,45
1,25.86240951,-80.31467736,46
1,25.86379489,-80.31475782,47
1,25.86643528,-80.3148222,48
1,25.86711105,-80.31484365,49
1,25.86733792,-80.31481147,50
1,25.86784957,-80.31458616,51
1,25.86812471,-80.31451106,52
1,25.86847224,-80.31451643,53
1,25.8687522,-80.31459689,54
1,25.86948106,-80.31487584,55
1,25.8701713,-80.31495094,56
1,25.87241575,-80.31503677,57
1,25.8744333,-80.31510651,58
1,25.87619019,-80.31522453,59
1,25.87698175,-80.3152889,60
1,25.87709759,-80.31542301,61
1,25.87709276,-80.31921566,62
1,25.87708793,-80.32374859,63
1,25.87706863,-80.32889307,64
1,25.87708311,-80.33124268,65
1,25.87716516,-80.33133924,66
1,25.87952048,-80.33146799,67
1,25.88207847,-80.33156991,68
1,25.8840669,-80.33161819,69
1,25.88413447,-80.33153772,70
1,25.88419721,-80.32751441,71
1,25.88416343,-80.32717645,72
1,25.88418273,-80.3268224,73
1,25.88432752,-80.32670975,74
1,25.8845254,-80.32662928,75
1,25.88458331,-80.32648981,76
1,25.88460262,-80.32582462,77
1,25.88466536,-80.3257066,78
1,25.88479084,-80.32566369,79
1,25.88524933,-80.32566369,80
1,25.88535551,-80.32559395,81
1,25.88534103,-80.32504141,82
1,25.8853362,-80.32471418,83
1,25.88528311,-80.32455862,84
1,25.88521072,-80.32448888,85
1,25.88501767,-80.32446742,86
1,25.88479567,-80.32454252,87
1,25.88461227,-80.32463908,88
1,25.884453,-80.32462835,89
1,25.88426478,-80.32461226,90
1,25.88420204,-80.32474101,91
1,25.88418756,-80.32671511,92
1,25.884231,-80.33151627,93
1,25.88423582,-80.33750296,94
1,25.88421652,-80.33943951,95
1,25.88428408,-80.33955216,96
1,25.88629179,-80.33962727,97
1,25.88843458,-80.33972383,98
1,25.89026365,-80.33984721,99
1,25.89142671,-80.33990085,100
1,25.89155701,-80.34004033,101
1,25.89152806,-80.34249723,102
1,25.89154736,-80.34796357,103
1,25.89155219,-80.35090864,104
1,25.89153288,-80.35591364,105
1,25.89159562,-80.35597801,106
1,25.89502199,-80.35612285,107
1,25.89512334,-80.35601556,108
1,25.89510403,-80.35211563,109
2,25.89510886,-80.352121,1
2,25.89510162,-80.35136193,2
2,25.89503889,-80.35127878,3
2,25.8916101,-80.35105348,4
2,25.89153288,-80.35095692,5
2,25.89153288,-80.34007788,6
2,25.89142671,-80.33994913,7
2,25.88710258,-80.33977747,8
2,25.88426478,-80.33960581,9
2,25.88416825,-80.33953071,10
2,25.8841586,-80.33177376,11
2,25.88419721,-80.32748222,12
2,25.88417308,-80.3271389,13
2,25.88418756,-80.32684386,14
2,25.88429856,-80.3267312,15
2,25.88450609,-80.32664537,16
2,25.88459296,-80.32651126,17
2,25.88459296,-80.3258568,18
2,25.88468466,-80.32571733,19
2,25.88480049,-80.32566369,20
2,25.88525898,-80.32566369,21
2,25.88535551,-80.32560468,22
2,25.88536033,-80.32528281,23
2,25.88533138,-80.3248322,24
2,25.88532655,-80.3245908,25
2,25.88524933,-80.32450497,26
2,25.88503698,-80.32446206,27
2,25.88486806,-80.32452106,28
2,25.88461227,-80.32462835,29
2,25.8844337,-80.32461762,30
2,25.88427443,-80.32461762,31
2,25.88420686,-80.32474637,32
2,25.88418756,-80.32660246,33
2,25.88419721,-80.33157527,34
2,25.88408621,-80.33174157,35
2,25.88277346,-80.33164501,36
2,25.88088636,-80.33154845,37
2,25.87814494,-80.33144116,38
2,25.8771362,-80.33137143,39
2,25.87703001,-80.33123732,40
2,25.87700588,-80.32814741,41
2,25.87701071,-80.3228581,42
2,25.87704932,-80.31540692,43
2,25.87695762,-80.31534791,44
2,25.87521522,-80.31522989,45
2,25.87346797,-80.3151387,46
2,25.87015199,-80.31500459,47
2,25.86949554,-80.31495094,48
2,25.86872807,-80.31465054,49
2,25.86837088,-80.31457543,50
2,25.86811023,-80.31459153,51
2,25.86756478,-80.31483829,52
2,25.8672993,-80.31491339,53
2,25.86675868,-80.31491339,54
2,25.86394453,-80.31483293,55
2,25.86258329,-80.31477392,56
2,25.86044485,-80.31471491,57
2,25.85670369,-80.31462908,58
2,25.85539064,-80.31457543,59
2,25.8552603,-80.31441987,60
2,25.8552603,-80.31064332,61
2,25.85523616,-80.30665219,62
2,25.85516375,-80.30657709,63
2,25.85079001,-80.30643225,64
2,25.8489555,-80.3063786,65
2,25.84806238,-80.30632496,66
2,25.84799962,-80.30617476,67
2,25.84799479,-80.30035436,68
2,25.84799479,-80.29438376,69
2,25.84801893,-80.29053211,70
2,25.84816376,-80.28642297,71
2,25.84830859,-80.28246939,72
2,25.84822169,-80.28239429,73
2,25.84564366,-80.28228164,74
2,25.84294971,-80.28216362,75
2,25.84096058,-80.2820617,76
2,25.84086885,-80.28196514,77
2,25.84095092,-80.2800715,78
2,25.8410668,-80.2799964,79
2,25.84126957,-80.28000176,80
2,25.84136613,-80.27991593,81
2,25.84138545,-80.27961016,82
2,25.84137096,-80.27836025,83
2,25.84134199,-80.27816713,84
2,25.84124061,-80.27810276,85
2,25.84108128,-80.2780652,86
2,25.84096058,-80.2778399,87
2,25.84107645,-80.27411163,88
2,25.84100403,-80.27404189,89
2,25.83930939,-80.27398288,90
2,25.83567379,-80.27382195,91
2,25.83285889,-80.2737093,92
2,25.83028053,-80.27363956,93
2,25.82845053,-80.27356982,94
2,25.82481459,-80.27343571,95
2,25.8231004,-80.27337134,96
2,25.8230328,-80.27344108,97
2,25.82287345,-80.27723908,98
2,25.82282033,-80.27926147,99
2,25.82288794,-80.27934194,100
2,25.82447659,-80.27939558,101
2,25.8263163,-80.27946532,102
2,25.82642253,-80.27962089,103
2,25.82634045,-80.28135896,104
2,25.82623904,-80.28149307,105
2,25.8245635,-80.28141797,106
2,25.82448624,-80.28132141,107
2,25.82473251,-80.27352154,108
2,25.82465042,-80.27341425,109
2,25.82305211,-80.27334452,110
2,25.82291691,-80.27316749,111
2,25.82292657,-80.27141333,112
2,25.82283965,-80.27130604,113
2,25.82215396,-80.27128994,114
2,25.82208153,-80.27134895,115
2,25.82206705,-80.27282953,116
3,25.88134486,-80.26516914,1
3,25.881077,-80.26544273,2
3,25.8809129,-80.2654025,3
3,25.8798149,-80.26647806,4
3,25.87927433,-80.26684284,5
3,25.87842488,-80.26717544,6
3,25.87692866,-80.26717544,7
3,25.87370448,-80.26706815,8
3,25.87102081,-80.26702523,9
3,25.86745376,-80.26687503,10
3,25.86559055,-80.26683211,11
3,25.8619268,-80.2667892,12
3,25.85728298,-80.26670337,13
3,25.85450722,-80.26663899,14
3,25.85275966,-80.26660144,15
3,25.84901344,-80.2664566,16
3,25.84539744,-80.26633322,17
3,25.84531537,-80.26641905,18
3,25.84498225,-80.26833415,19
3,25.84489535,-80.27013659,20
3,25.84480845,-80.27403653,21
3,25.844905,-80.27418673,22
3,25.84665267,-80.27431011,23
3,25.84852101,-80.27443886,24
3,25.85132588,-80.27458906,25
3,25.85146588,-80.27477145,26
3,25.85132588,-80.27845681,27
3,25.8512245,-80.2803129,28
3,25.85111346,-80.28039873,29
3,25.85036035,-80.28036118,30
3,25.85018656,-80.28043091,31
3,25.84988242,-80.2806294,32
3,25.84950103,-80.28067768,33
3,25.84774375,-80.28061867,34
3,25.84757478,-80.28059721,35
3,25.84748788,-80.28046846,36
3,25.84752167,-80.28001249,37
3,25.84754581,-80.27967453,38
3,25.84767616,-80.27959406,39
3,25.848101,-80.27953506,40
3,25.84815411,-80.27944386,41
3,25.84812514,-80.27933121,42
3,25.84802376,-80.27930975,43
3,25.84729477,-80.27944922,44
3,25.84708235,-80.27950287,45
3,25.84691337,-80.27954042,46
3,25.84675406,-80.27949214,47
3,25.84662854,-80.2794224,48
3,25.84661888,-80.27932048,49
3,25.8466913,-80.27922928,50
3,25.84691337,-80.2792722,51
3,25.84733822,-80.27939022,52
3,25.84797065,-80.27928829,53
3,25.84908585,-80.27912736,54
3,25.85056794,-80.27912199,55
3,25.85082381,-80.27896643,56
3,25.85084312,-80.27860701,57
3,25.85099277,-80.27850509,58
3,25.85123898,-80.27847826,59
3,25.85138381,-80.27483046,60
3,25.85129691,-80.27467489,61
3,25.84852584,-80.27450323,62
3,25.84658509,-80.27438521,63
3,25.84479879,-80.27428865,64
3,25.84206136,-80.27412236,65
3,25.84124543,-80.27411163,66
3,25.84119715,-80.27423501,67
3,25.84105231,-80.27795255,68
3,25.84100403,-80.27995884,69
3,25.84108611,-80.28003931,70
3,25.8412744,-80.28003931,71
3,25.84137096,-80.27991056,72
3,25.84137096,-80.27939558,73
3,25.84137579,-80.27830124,74
3,25.84129854,-80.27814567,75
3,25.84110542,-80.27811348,76
3,25.841033,-80.27822077,77
3,25.84094127,-80.28198659,78
3,25.84100886,-80.28205633,79
3,25.84294488,-80.28212607,80
3,25.84562435,-80.28225482,81
3,25.84845342,-80.28235137,82
3,25.85109898,-80.28242648,83
3,25.85483066,-80.2826035,84
3,25.85761606,-80.2826786,85
3,25.86128961,-80.28279126,86
3,25.86500648,-80.28294683,87
3,25.86679247,-80.28302729,88
3,25.86695659,-80.28320968,89
3,25.86691797,-80.2845937,90
3,25.86675868,-80.29064476,91
3,25.86676351,-80.29482365,92
3,25.8667442,-80.30327797,93
3,25.86669111,-80.31214535,94
3,25.86671524,-80.31819642,95
3,25.86666697,-80.32206416,96
3,25.8668697,-80.32465518,97
3,25.86716415,-80.32568514,98
3,25.86714001,-80.32584071,99
3,25.86312875,-80.32573342,100
3,25.8598511,-80.32560468,101
3,25.85978352,-80.32551348,102
3,25.85976421,-80.32489657,103
3,25.8596918,-80.32483757,104
3,25.85845602,-80.32484829,105
3,25.85778019,-80.32477319,106
3,25.85723953,-80.32473564,107
3,25.85718643,-80.3246069,108
3,25.85722988,-80.32378614,109
3,25.85731194,-80.32373786,110
3,25.85766434,-80.3237325,111
3,25.85775606,-80.3236413,112
3,25.85775606,-80.32326579,113
3,25.85782364,-80.32317996,114
3,25.85907391,-80.32321215,115
3,25.85913666,-80.32330334,116
3,25.85915115,-80.32377541,117
3,25.85920907,-80.32383442,118
3,25.85956146,-80.32385051,119
3,25.85963387,-80.32392025,120
3,25.85965801,-80.32473564,121
3,25.85978352,-80.32480001,122
3,25.85981731,-80.32495022,123
3,25.85983179,-80.32838881,124
3,25.85982696,-80.32919884,125
3,25.85987523,-80.32932758,126
3,25.86007798,-80.32943487,127
3,25.86073931,-80.33032537,128
3,25.86085516,-80.33060431,129
3,25.8608793,-80.33082426,130
3,25.86093722,-80.33102274,131
3,25.86248192,-80.33307731,132
3,25.86523818,-80.33681631,133
3,25.86666214,-80.33869922,134
3,25.86711588,-80.33899963,135
3,25.86742963,-80.33897817,136
3,25.86810057,-80.33895671,137
3,25.86973688,-80.33894598,138
3,25.87114148,-80.33896744,139
3,25.87404235,-80.33910155,140
3,25.87695762,-80.33923566,141
3,25.87963149,-80.33935905,142
3,25.88158618,-80.33944488,143
3,25.88408621,-80.33955753,144
3,25.88422617,-80.33975065,145
3,25.88421169,-80.34070551,146
3,25.88421169,-80.34365058,147
3,25.88418273,-80.34760416,148
3,25.88419239,-80.35169184,149
3,25.88417308,-80.35558105,150
3,25.88428408,-80.35627306,151
3,25.88429856,-80.36168575,152
3,25.88421169,-80.36241531,153
3,25.88421169,-80.3625226,154
3,25.8863497,-80.36532819,155
3,25.88794715,-80.36743641,156
3,25.8908476,-80.37137926,157
3,25.89254633,-80.37370205,158
3,25.89457319,-80.37648618,159
3,25.89575552,-80.37796676,160
3,25.89630565,-80.37833154,161
3,25.8964649,-80.37850857,162
3,25.89665793,-80.37845492,163
3,25.89740109,-80.37773073,164
4,25.89740351,-80.37773341,1
4,25.89766892,-80.37753224,2
4,25.89850135,-80.37670612,3
4,25.89859786,-80.37630379,4
4,25.89855443,-80.37265599,5
4,25.89840001,-80.37255406,6
4,25.89518125,-80.3723824,7
4,25.89231469,-80.3722322,8
4,25.89175005,-80.37222683,9
4,25.89150875,-80.37234485,10
4,25.88841528,-80.36819816,11
4,25.88524933,-80.36392272,12
4,25.88420204,-80.36249042,13
4,25.88421652,-80.36166966,14
4,25.88420686,-80.35637498,15
4,25.88409103,-80.35551667,16
4,25.88410069,-80.35237312,17
4,25.88408138,-80.34791529,18
4,25.88410551,-80.3411293,19
4,25.88413447,-80.33976674,20
4,25.88401381,-80.33966482,21
4,25.88162479,-80.33952534,22
4,25.87696727,-80.33931613,23
4,25.87290325,-80.33914447,24
4,25.8700458,-80.33901572,25
4,25.86833226,-80.33901036,26
4,25.86726551,-80.33902645,27
4,25.86704347,-80.33900499,28
4,25.86665732,-80.33875287,29
4,25.8659381,-80.33781946,30
4,25.86245778,-80.33314168,31
4,25.86094205,-80.33108175,32
4,25.86084551,-80.33078671,33
4,25.86079723,-80.33048093,34
4,25.86013108,-80.32952607,35
4,25.85983179,-80.3292954,36
4,25.859798,-80.32900572,37
4,25.85975938,-80.3249073,38
4,25.85964835,-80.32486975,39
4,25.85845602,-80.32484293,40
4,25.85772709,-80.32476246,41
4,25.85724918,-80.32474101,42
4,25.85720091,-80.32460153,43
4,25.85724436,-80.32380223,44
4,25.85732642,-80.32374859,45
4,25.85768847,-80.32370031,46
4,25.85774157,-80.32326043,47
4,25.85783329,-80.32316923,48
4,25.85904977,-80.32319605,49
4,25.85913666,-80.32333553,50
4,25.85915597,-80.32378614,51
4,25.85920907,-80.32383978,52
4,25.85961456,-80.32386661,53
4,25.85964353,-80.32397389,54
4,25.85968214,-80.32476246,55
4,25.85975938,-80.32481074,56
4,25.85981731,-80.32493412,57
4,25.85984627,-80.32552958,58
4,25.85994764,-80.32559931,59
4,25.86233228,-80.32562613,60
4,25.86660422,-80.32575488,61
4,25.8670483,-80.32577634,62
4,25.86711588,-80.32567441,63
4,25.86677316,-80.32454789,64
4,25.86664766,-80.32365203,65
4,25.8665463,-80.32243967,66
4,25.8664932,-80.32040119,67
4,25.86652216,-80.31725764,68
4,25.86652699,-80.31446815,69
4,25.8665463,-80.30695796,70
4,25.86654147,-80.30353546,71
4,25.86657526,-80.29898107,72
4,25.86658491,-80.2950865,73
4,25.86659457,-80.29014587,74
4,25.8667442,-80.28628886,75
4,25.86683109,-80.28317213,76
4,25.86678282,-80.28310776,77
4,25.86480375,-80.28300583,78
4,25.86317702,-80.28298438,79
4,25.8614296,-80.28289318,80
4,25.85954698,-80.28282881,81
4,25.85797811,-80.28279126,82
4,25.85564167,-80.28268397,83
4,25.85256173,-80.28258741,84
4,25.85092519,-80.28250694,85
4,25.84871412,-80.28242111,86
4,25.84474086,-80.28223336,87
4,25.84297867,-80.28217435,88
4,25.84098955,-80.28208315,89
4,25.84085919,-80.28196514,90
4,25.84096541,-80.28011978,91
4,25.84104266,-80.28001249,92
4,25.8412744,-80.28001785,93
4,25.84135648,-80.27995348,94
4,25.84136131,-80.27941704,95
4,25.84137579,-80.27812958,96
4,25.84126475,-80.27808666,97
4,25.8410668,-80.27804911,98
4,25.84100403,-80.27788818,99
4,25.84109094,-80.27414918,100
4,25.84120681,-80.27397752,101
4,25.84148683,-80.27398825,102
4,25.84309454,-80.27407408,103
4,25.84518019,-80.27421355,104
4,25.84843411,-80.27442276,105
4,25.85065967,-80.2745676,106
4,25.85134519,-80.27461052,107
4,25.8514707,-80.27477145,108
4,25.85135484,-80.27809203,109
4,25.85121967,-80.28031826,110
4,25.85111346,-80.28039336,111
4,25.85033139,-80.28036654,112
4,25.85004173,-80.28051674,113
4,25.8498438,-80.28064549,114
4,25.84959276,-80.28068304,115
4,25.84917758,-80.28064013,116
4,25.84781616,-80.28062403,117
4,25.84756995,-80.28056502,118
4,25.84748788,-80.2804631,119
4,25.84755547,-80.27969599,120
4,25.84766168,-80.27961552,121
4,25.84808652,-80.27954042,122
4,25.84815411,-80.27947605,123
4,25.84814445,-80.27937412,124
4,25.84799479,-80.27937412,125
4,25.8474396,-80.27945459,126
4,25.84694717,-80.27955651,127
4,25.84666233,-80.27945459,128
4,25.84659474,-80.2793473,129
4,25.84668647,-80.27922392,130
4,25.84687958,-80.27922392,131
4,25.8473865,-80.27940094,132
4,25.84833756,-80.27923465,133
4,25.84916792,-80.27911663,134
4,25.84976655,-80.27909517,135
4,25.8506307,-80.2791059,136
4,25.85079001,-80.27897179,137
4,25.85079484,-80.2787143,138
4,25.85090588,-80.27852654,139
4,25.85121001,-80.27847826,140
4,25.85128243,-80.27715325,141
4,25.85135967,-80.274809,142
4,25.85128726,-80.27468026,143
4,25.85010449,-80.27459979,144
4,25.84682165,-80.2744174,145
4,25.84487604,-80.27427256,146
4,25.84467809,-80.27406871,147
4,25.84467809,-80.27319431,148
4,25.84478431,-80.27037263,149
4,25.84478431,-80.26855946,150
4,25.84521881,-80.26632249,151
4,25.84545538,-80.26617229,152
4,25.84700993,-80.26619911,153
4,25.8491293,-80.26630104,154
4,25.85110381,-80.2663815,155
4,25.85277897,-80.2664566,156
4,25.85428998,-80.26649415,157
4,25.85618716,-80.26651561,158
4,25.8585236,-80.2665478,159
4,25.86043037,-80.26654243,160
4,25.86212954,-80.26659608,161
4,25.86387695,-80.2666229,162
4,25.86561951,-80.26666582,163
4,25.86688418,-80.26666582,164
4,25.86907078,-80.26673555,165
4,25.87093876,-80.26676774,166
4,25.87260882,-80.26682138,167
4,25.8739072,-80.26685357,168
4,25.87670663,-80.26698232,169
4,25.87834283,-80.26708961,170
4,25.87945774,-80.26704669,171
4,25.88152344,-80.2671057,172
4,25.88175993,-80.26707888,173
4,25.88182267,-80.26692867,174
4,25.88183233,-80.26544809,175
4,25.88148966,-80.26507258,176
4,25.88134969,-80.26517451,177